3.63909e-06
0.00085037
0.0113967
0
0
0
2.39517e-05
6.38143e-05
0
0
7.53036e-05
0.000114252
0
2.25558e-05
5.32163e-05
0
1.51609e-05
0
0
0.000946473
0
0
8.33612e-05
0
0.00138486
0
0
0
2.26953e-05
0.000185646
8.57673e-05
0
0
1.26999e-05
3.76171e-05
0
0
0
0
0.00013224
0.000590043
0
0
2.5381e-05
0
0.000510598
0
5.6073e-05
0
0.000252698
0
0.000338259
0
0
0
0
1.71214e-05
3.67964e-06
0
2.15139e-06
7.23286e-06
0
7.07245e-06
0
0
2.18738e-06
0
2.33108e-07
5.11529e-07
0
1.75708e-05
0.000186071
0.000262418
0
0.000384236
0
5.1879e-05
0.000143628
0.000172815
0
0.000274483
0
0
0.000416716
0.00047662
6.88561e-05
0
0
0
0
0
0.000130391
0
0
8.80099e-07
6.55854e-06
0
7.1459e-07
2.84772e-05
0.00080642
0
0.0019204
0.00240749
0
0
0
0.000509706
0
4.56487e-05
0
0.000169827
0
0
8.89254e-05
0
0.000638029
0
0
0.000137347
0.00027302
0
1.5179e-05
2.08442e-06
0
0
7.1451e-05
0.000237141
0
0
2.54699e-05
0.000318985
0
0.000243842
0
0
5.4942e-06
0.000264534
0
0
0
0.000116661
0.00104444
0
6.09293e-05
0.000431026
0
3.10828e-05
2.18317e-05
0
0
0.000162159
0
0.000184719
0
0
0
0
0
6.60349e-08
2.44172e-05
6.83465e-05
0
1.08715e-07
0.000194252
0.000481864
0
0.000228828
0.00124915
0
0
0.000146852
8.88389e-05
0.000528047
0
0
4.42689e-07
0.000130248
9.73224e-05
0.000317149
0.00157759
0
6.82861e-05
0
0.000322219
0
1.15853e-06
5.67466e-05
0
7.59452e-05
7.03884e-05
0
0
4.64129e-05
0
3.75201e-05
3.51053e-05
0
0
2.68342e-05
0
0.000163243
0.000387786
0
0
1.48906e-05
0
1.02307e-06
4.69727e-05
0.000506857
0
0
0.00036215
0
0
0.000589666
0.000229108
0
0.000213726
0
4.30819e-05
0.000343337
0
0.000106598
7.44225e-05
0
0
6.11692e-05
0
0
4.95696e-05
0.000451411
0
0
0
1.18717e-05
0.000147128
1.49202e-05
0
0
2.12362e-05
3.63669e-05
0.000400189
0.000108939
0
0
1.74503e-06
8.0534e-06
6.11472e-05
8.3674e-06
0
0
2.38108e-05
6.79854e-05
0.000376014
0.000133232
0
0
1.88599e-05
1.10604e-05
0.000941315
0
0
0
8.43755e-05
0.000357568
0.000549888
0
0
0.000258647
7.17207e-05
0
4.64652e-05
0
0.000226905
0
0
0.00014887
0
0
0
6.65791e-05
0.000229942
0
0
0.000209352
0
0.000399284
0
0
0
2.13573e-05
4.24032e-05
0.000127523
0
5.47732e-05
0.000461796
0
0
7.86652e-05
0.00134309
7.71903e-06
0
0
0
8.21684e-05
4.70532e-05
0
0.000672411
0
0
0.000272359
0
0
0.00019806
0
3.57504e-06
0.0010162
0
0
0
0.000676094
0.00207459
0
0
0
0.00163121
0
0
0
2.029e-05
7.5809e-06
0
6.28185e-05
2.70609e-05
0
5.31827e-05
0.000232782
0.000170136
0
0
0.000153221
0.000191004
0.00153166
0
0
0
1.56466e-05
0
0
1.6979e-05
0.000134234
0.000820442
0
0
2.07106e-05
0
2.21089e-06
0
4.05712e-05
3.48828e-06
0.000502892
0
0.000119561
0.00045283
0
0
3.9565e-05
0.000118505
0.000548926
0
0
4.06231e-05
0.000985173
0.000369912
0
3.75219e-05
0
3.31897e-06
0
0.000636199
0.00143467
0
0
0
5.33132e-05
0
0
0
1.58682e-05
0.000180482
1.42213e-06
0
9.3953e-05
0
0
0.000256298
0.000147513
0
0
0
0
3.9732e-05
0.000317179
0
0.000125094
0
0
0
2.43333e-05
0
0.000324808
0
0
5.59216e-05
0
0
7.05474e-05
0
0.000109238
0.000406913
0
0
0
3.9481e-06
0.000583754
0
0
0
6.76919e-05
0.000381656
0.000319224
0
0
0
1.62982e-05
0
0.000168086
0
0.000554458
0
0
0
2.33697e-05
0
0.000178324
0
0
0.000151752
0
0
7.09567e-05
0.00022127
0
6.60278e-07
7.40047e-05
0.000193433
0
2.15749e-06
0
8.42582e-05
0
0.00040003
4.84708e-05
0
1.9561e-05
0
6.98169e-05
0
5.09906e-05
0.000205188
0
9.1723e-05
0
1.69735e-05
3.97425e-05
9.88425e-05
0
8.46345e-05
0
0.000173899
0
8.11005e-05
0.000676701
0
0
0.000140676
0
0
4.07326e-05
0
0
8.7546e-05
0
0
0
0.000117193
0.00109716
0
0.000210707
0
0
4.41701e-05
0.000268751
0
2.16105e-05
0.000152149
0.000133351
0
0
3.19609e-05
1.53837e-06
0
9.03384e-06
0
2.79407e-06
0.000173606
0
0
0.000338234
0
3.63685e-05
0.000112956
0
8.5883e-05
0
4.93915e-06
0
5.04452e-05
0.000173043
0
0
3.64061e-05
3.47297e-05
4.92667e-06
4.57549e-05
0.000112034
0
7.82198e-05
0
0.000310542
0
0.000246008
0
0
0
3.52795e-05
0
0.000582561
0.000194052
0
0
0
1.48977e-05
8.72604e-05
0
0
0.000172963
0
1.35787e-05
0.000306898
0
0
8.74454e-06
0.000147973
1.43261e-05
0
5.9342e-06
1.11383e-05
5.43459e-06
2.50376e-05
7.31771e-06
0
0
2.75414e-05
0
1.41308e-05
0
2.99428e-06
1.43684e-05
0
0.000331876
0.000218142
0
0
0.000122333
0
5.92986e-06
8.45699e-05
5.44536e-06
0
2.11491e-05
0.000548205
0
0
4.24428e-05
0
0
0.000138134
0
0
1.70776e-05
3.97322e-08
0
1.91973e-05
0
0.000256037
0
0.000455002
0
0
0.000206548
0
0.000106598
0
0.000486299
0
0
0.000399325
0.00222199
0
0
0.00070108
0
0
0
0.000116071
0
4.48614e-05
0
0.00022188
0
0
6.46539e-05
1.87295e-05
0
0.000349792
0
0.000728818
0
0.00124279
0.0125055
0
5.76093e-06
0
0.000848059
0
0.000863355
0
0.000404529
0
0.000690321
0.000142597
0
1.18065e-05
0.000146522
6.46336e-05
0
4.97488e-06
0.001197
0.00215867
0
0
0.000702093
0
0
0
0
2.61504e-06
0
9.57352e-06
0
5.04244e-06
1.67898e-05
0
0
8.67071e-06
0.000119413
0
1.57787e-05
0
0
4.54e-05
0.000189181
0
0.00137548
0
0.0002916
0
0.00015258
0
9.12696e-06
0
0.000206059
0.000220309
0.00101311
0
0.000969254
0
0
0
1.82758e-05
0
1.12036e-06
7.70895e-05
0
0.00277955
0
0
0.00109747
0
0.000598037
0
0.000214833
0
0
0.00194441
0
0.000822597
0.000952951
0
0.00235713
0
3.53312e-05
0
0
0.000335076
0
3.94206e-05
0.000169886
0
0.00709183
0
0.004581
0
0.000132632
0
0.000476559
0.00152974
0
0
2.33208e-06
1.51999e-06
0
0.000543529
0.000787128
0
0
0
0
0.000392128
0
0.0010589
0.00184303
0
0
0
0.000152032
0.000747785
0
0
0.000730874
0.000176123
0
0
8.04772e-07
0.00180409
0.00123734
0
0.000290234
0
0
0.000211956
0
3.21301e-06
0.000166741
0
0
0.000256182
0
0.00015452
0
0.000143816
0
6.06925e-05
5.62351e-06
0.00059874
0
2.53769e-05
0.00124069
0
0
0
0.00056514
5.07154e-05
0
0.00123058
0
0
0.00289191
0.00186095
0
0
0
0.00140396
0
0.00155232
0
0.00116255
0.000405363
0
0
6.38322e-06
0
0
0.000112241
0
0
0.000115653
0.000662145
0
0
0.000256316
0
0
0
4.34946e-06
0
0
6.1363e-08
0
2.51055e-06
0
4.5418e-06
0
7.7615e-06
8.60617e-05
0
6.20797e-06
0
2.18809e-06
0.000114284
0
0.000743649
0
3.2981e-05
0
0
0.00055282
0.00205639
0
0
0
0
0.00121893
0
0.00097743
0
0.000158104
0.00129518
0.000112012
0
1.23403e-05
0.000146889
0
0.00315546
0
0
0.0050337
0
0
0
0
1.61652e-05
0
0.000770675
0.00166736
0
0
0.00114022
0
0.000113144
0
0.000287858
0
3.27755e-05
0
2.69587e-05
3.07661e-05
0.000161185
0.0084331
0
0.0019546
0
0.000117442
0
0
2.19902e-05
0
3.39208e-05
0.000559938
0.000119829
0
0
0.000167512
0
0.000224614
0.00021152
0
0
0
0.000988319
0.00223824
0
9.47367e-05
0.000214679
0
0.0032092
0
0
0
0.0010769
0.00388149
0
0
0
0
0.00152924
0.000766679
0
0
0.000199679
0
0
4.74452e-05
0.000105494
0
0.000720338
0
3.79668e-05
0.000637314
0
1.24999e-05
0
0
0.00133109
0
0.00134607
0
0
0
0.000824879
0
0
2.3611e-06
8.47092e-06
7.29108e-05
0.00334767
0.0173838
0
0
0
0
0.00113235
0
0.000838563
0
0
3.8938e-05
6.27258e-06
0
0
5.82153e-07
9.09163e-06
8.33569e-05
0
0.000417128
0.00115818
0
0.00014504
0.000102515
0.000132587
0
3.44526e-05
5.45946e-05
0
6.27814e-07
1.72043e-05
0
0
0
6.82763e-08
9.60291e-06
0
0
3.28032e-05
0
0
0
7.11719e-07
7.06286e-05
0.000884908
0.000269979
0
0.000452921
0
0
1.32855e-05
0.00151745
0
0
0.000161485
0
0.000385213
0
0.000330255
0.000320747
0
0
0.00141641
0
0
0.000942132
0
0.00419044
0
0
0
0
0.000124273
0
0.000438133
0
7.59527e-05
0.0021275
0
0
0.00207897
0
0
1.07691e-05
7.72232e-05
0
0.00034946
0
3.00827e-05
5.12274e-05
0.000273595
0
0.00614085
0
0.000644863
0
0.000317487
0
1.02456e-06
0.000141103
0.00015648
0.00613056
0.00170492
0
0
0.00039254
0
0.000242803
0
0.0014538
0
0
4.02833e-05
0.000125319
0.00163173
0.00331402
0
0
8.0956e-06
5.58693e-05
0.000411118
0
9.69798e-06
0
0.000772078
0
0
0.000106815
0.000573815
0
0.000713405
0
0
0.000159276
0
0
0.000360921
0
0
0
0.000251773
0.00157025
0.00113275
0
0
2.55997e-05
5.14375e-05
8.78791e-05
0
0
4.22422e-05
0.000326391
0
0.000294351
0.000239739
0
0
0
0.000229668
0
0.000829571
0
4.31374e-05
0.0010992
0
0.00323852
0
0.00130721
0
0.000531734
0
0
0.000504977
0
0
4.43117e-06
9.31322e-06
0
0.000292747
0.00166271
0
0
0.000253427
0
0
0
0
8.95313e-07
0
5.58184e-06
1.38715e-07
0
1.32428e-06
5.02436e-07
2.13411e-05
1.88237e-05
0
2.60534e-05
0
7.59428e-05
0
0
6.83387e-05
0
0
0.000285207
0.000308744
0
0
0.000390392
0.000335326
0
0
0.000213512
0.000197605
0.0016202
0
0.000312119
0
0.000391302
0
6.84859e-05
0.00113539
0
8.87376e-05
0
0.00489776
0
0
0
0
0
0
0.000135083
0
0
0.00263503
0
0
0.00148076
0
0
0.000107992
0.000725602
0.00328266
0
0
0.00024905
0.000282861
0
5.27105e-06
0.00686563
0
0
0
0.00115603
0
0.000784436
0.000316635
0
4.33733e-05
0
0
1.76129e-06
5.87995e-05
0
0
0.000185985
0
0.000655813
0
0.0002012
0
0.00170805
0
0
7.78245e-05
0.000557173
0.00112976
0
0
1.40456e-05
0.000484495
0.00177764
0
0
0.000141217
0
1.28512e-05
0.000315349
0
4.3797e-06
5.60515e-05
0
0
0.000164699
0
0.00132763
0.000714493
0
2.6226e-06
0.000132699
0
2.11558e-08
5.77501e-06
2.0617e-05
7.30754e-05
0.000685969
0
0.000533799
0
0
0
3.79813e-05
0.000182639
0.000202171
0.000364977
0
0.0010537
0
0
0.000413417
0
0.000319254
0
0
0.00142867
0
0
0.000221416
0
0.000197538
0
8.11932e-05
0.000117234
0
0
0.000276962
0
0
0.000117385
0.000162033
0
0
5.82735e-06
0
0
0
8.88334e-05
0
0
2.82316e-07
0
6.41919e-07
3.12403e-06
3.42932e-06
2.95493e-05
0
0
1.25055e-06
3.88477e-06
0.000181402
0.000123097
0.000535131
0
1.67219e-05
0
0.00269735
0
0
0.000355043
0
0.000101823
0
0.00106513
0
0.00118382
0
0
5.3456e-06
2.42496e-05
2.6699e-05
0.00040907
0.000367923
0
0.00240563
0
0
0.00045609
0
0
0
0.000404256
0
7.60145e-05
0.00120486
9.95999e-05
0
0
0.000263367
0.000105823
0
0.000393572
0.00137128
0
0.000223724
0
6.68033e-05
0
9.52827e-06
0.00825861
0
0
0.000391553
0
0.000199488
0.00016142
5.04569e-05
0
2.4439e-05
0.000462466
0.000135287
0
0.000149157
0
0
0.000219395
0.00150934
7.02984e-05
0
0
0
3.99261e-05
0.000178861
0
0.000121031
0
0.000415851
0
0
0.000151283
0.000736084
0
0.00495682
0
0
0.000514133
0
0.00106616
0.000502274
0.0014551
0
0
0.000153202
0
0
0.00101779
0.00113398
0
0
2.043e-05
0.00148777
0
0
0
5.84556e-05
0
0.000186419
0.000534352
0.000953447
0
0
8.31206e-05
0
0.000353095
0.00164553
0
0.0143772
0
0
0
8.56151e-05
0
0.00103624
0
0.00144619
0
2.15899e-05
0
3.51354e-06
3.56716e-05
0
2.06546e-05
4.11321e-05
0
0
8.92431e-05
0.000202855
0
0
0.000421989
0
0
0
4.83757e-05
0
0
1.65548e-06
0
0
9.83189e-07
1.49652e-06
0
4.57866e-06
1.76611e-05
5.88067e-05
0
9.07355e-06
0
3.1946e-06
0.000226042
0
6.71717e-05
0
0.00273672
0
0
0.00348714
0.00475634
0
0
0.000239716
0
0.00101009
0
0.000986163
0
0.00180731
0
0
0.00041774
0
8.01821e-05
0
0.00845082
0.00333642
0
0.00673796
0
0
0
0
0.000249558
0
9.2617e-05
0
0.000107185
0
0.000580595
0.000308118
0
0
0.000851029
0
0.0011714
0
0
0.00025096
0.00046872
0
0.000470227
0
0
0.000338542
0
8.68191e-05
0.000533525
0
0
0
0
3.18221e-05
1.50712e-05
0
0.00055143
0
0.00140021
0.000249969
0
0
0.0001742
0
5.16529e-05
0
0.00032145
0
0.000204308
0
4.11611e-05
0.000204826
0.00072667
0.00781802
0
0
0.000226491
0.000287709
0.00145943
0
0
7.08459e-06
1.51623e-05
0
7.39362e-07
0.000456513
0.000287515
0.000224878
0.000207177
0
0.00446962
0.00160597
0
0
0
1.42429e-05
0.000117228
8.0655e-05
0
0
0.000267841
0
0
0.000101642
0
0.000362177
0.000117896
0.000140563
0.00438108
0
0.000656892
0
0
0
0.00302009
0
0.00163673
0
0
0
3.64212e-06
4.53132e-05
0.000297577
0
0
0
7.64408e-06
6.20174e-07
0
0.000119166
0
0
2.40345e-06
9.50246e-06
0
3.63533e-05
0
3.65481e-06
0
6.95401e-07
0
0
1.66522e-07
0
2.28363e-07
2.21167e-06
4.24107e-05
0
0
4.02165e-06
0.000126667
0
6.73716e-05
5.84234e-05
0
0
6.87323e-05
0.000875834
0.00077842
0
0
0
0.000175036
0.000441369
0.000890334
0
0.000176381
0
0.000608294
0
0
0
0
0.000187224
0
0.00312144
0
0
0
0.000298236
0
0
0.000234312
0
0
1.44945e-05
0
0.00100943
0
0.00321893
0
0
1.44362e-05
0.00191394
0
0
9.61816e-06
0
0.000256058
0.000369729
0
0.000175316
0.00145182
0
0
0
0.000243581
0
2.3668e-05
8.5632e-05
0.000149286
4.74436e-05
0
0.000112237
1.07536e-05
0.00168587
0
0.00380831
0
0
0
6.35537e-05
0
0.00103165
0
0.000275949
0
0.000156939
0.00111527
0.000665338
0.000113577
0
0.000873249
0
3.36342e-06
7.0068e-05
1.70632e-05
0
0.000408006
0
0
0
0
3.75818e-05
0
0
7.8272e-05
0.000510845
0.00229616
0
0
0.000443718
0
0
0
0
1.58241e-05
0.000340987
0.00107669
0
0
0
4.23327e-05
0
1.53394e-06
0.000510098
0.000106655
0
0.000397481
0
0.000212811
0.00081005
0
0
0
0.000909842
0
0
0.000367522
0
0
0
0
4.88928e-05
0
1.85932e-05
0.000595808
0.000847196
0
0
0
0.000170882
0
0
3.96014e-06
0
0
2.05615e-05
5.08055e-06
0
8.54907e-06
3.08728e-06
0
0
2.06643e-06
2.95589e-05
0
1.91355e-05
1.21555e-05
0.000220094
0
0.000889727
0.000710079
0
0
0
0
0.000110752
0.000652883
0.000713527
0
0
0.000239662
0.00112555
0
0.00082962
0
0
0.000213834
0.00136811
0
0
4.05711e-05
0
0.000661086
7.25425e-06
0
0.000582544
0
0.000317023
0
0
2.08201e-05
2.33825e-05
0
8.26665e-05
0.000392158
0.000284333
9.85002e-06
0
0.000254229
0
0
0
0.000164531
0
0.000208564
0
0
0.00548653
0
0.00154023
0
7.05939e-05
0.000148274
0.000924516
0
0
0.000267094
0.000424489
3.65591e-06
0
0
2.43499e-05
0.000842617
0
0.000820579
0
0.00140006
0
0
0.000310688
0.00329083
0
0
0.000719629
0.00265988
0.00291475
0
0
0.00121713
9.96951e-05
0
0
0.000196474
0
0
0
3.1073e-05
0.000230403
0.00121514
0.000233262
0
0
0
0.000194364
0.000233736
0
0.000473992
0
0
0.000339347
0.000926239
0
0
0.0012143
0.00106925
0
0
0
0
2.87197e-06
0
3.34761e-05
0
0
0.00100692
0
0.00600552
0
0
0
0
0
0.000153677
0
0
0.000415639
0.000896291
0
0
0
0
0.000486814
0.000816365
0
0.00183726
0.00214393
0.000960844
0
0
3.39119e-05
0.000129095
0
0
3.15078e-05
0
0
4.71466e-05
0
0
0
0
6.49025e-06
0
0
0
1.2402e-07
6.56999e-05
0
0
0.000212377
0.000269145
0
0.000929021
0.00143413
0
0
0
0.000364612
0
0
0
5.69439e-07
0.000131523
0.000851434
0
0.000974813
0
0
0
1.92936e-06
0.000214622
0.00224541
0
0
4.58479e-05
0.000123898
0.000541518
0
0.000140183
0
0.000339711
0
5.63715e-06
0.00116964
0
0.000293045
0.0010605
0
0
0
3.07513e-05
9.43401e-05
0
8.3601e-05
0
0.00104396
0.0126716
0
0
0
0.00598596
0
0
0
0
0.000595711
0
0
2.38831e-06
0.000529052
0
0.00178345
0
0
0.00131152
0
0.000236345
0
3.647e-05
0
4.26405e-06
9.60595e-05
0
0.000431674
0
0
0.00441339
0
0
9.42441e-05
0.000364865
0
0.000145123
0
0.00140368
0
0
9.40701e-05
0
0
0.000213649
0
3.22992e-05
0.000135302
0.000858323
0
0
0
0.000254641
0.000766891
0
0
0
0.00228589
0
0
0.000123765
0.000736335
0
0
0.000162395
0
3.15007e-05
0.00133936
0
0
0.00102671
0.00136452
0
0
0
0
0.000120063
5.14516e-05
0
0.000399389
0
0
0
1.29203e-05
0
0.000257649
0
0.000710208
0.00309424
0
0
4.74375e-06
0
0
0
0
4.81432e-05
0
0
0
1.19988e-05
9.42375e-06
0
0
2.39911e-06
0
0
0
0
2.07989e-05
0
1.46173e-05
6.09167e-05
0.000429459
0
0.000215334
5.59458e-05
0.000369712
0
0
0.000185275
0
0.000257777
0.000253628
0
0
0.000223602
0
0.000912554
0
0.000181871
0
0
0.00010819
0.00194722
0
0
0
0.00116127
0
0.001165
0
0
0
4.98118e-05
0
0.00027276
0
0
0.000501719
0.0007222
0
0
0.000175814
0
0
7.58157e-05
0
0.000229646
0.00819281
0
0
0.0014325
0
0.000181642
0
0
0.000226099
0
0.000106869
0.000108682
0.000386632
0
6.71812e-05
0.00282021
0
0.0035548
0.00198424
3.38838e-05
0
0
7.1443e-05
0.000237301
0
0
0.000438779
0
0
0.00017605
0.00117925
0
0
0
0.0100144
0
0
0.00311788
0
0
0
0
0.000353295
7.34359e-05
0
0
3.05751e-05
0.000247851
0
0.000460615
0
0
0
4.25459e-05
7.21956e-05
0
0.000253973
0
0.000197255
0.000477642
0.000403676
0
9.94598e-05
0.000106461
0
0.000675289
0
0.00217052
0
0
0
0.00238519
0
0
0.000104299
0.000113568
0.000289372
0
0.000276552
8.01418e-05
0
0
0.000107014
0
0
0.000227229
0
0
0.000362253
0
0
0
7.04612e-05
0
0
0
0
3.35821e-06
0
1.18529e-05
0
0
0
0
2.07721e-06
0
1.6229e-06
1.81682e-07
0
0.000164478
0
0.000251452
0
0.00225969
0
0.000125257
0.000585572
0
0.00371355
0
0
0
0.000187562
8.51318e-05
0
2.7431e-05
0.0001689
0.000262631
0.000259837
0.000276307
0
6.11257e-06
0
0.000287154
0.00570767
0
0.000477187
0.00456549
0.00440945
0
6.49351e-05
0
0.000856966
0
0
5.21939e-06
0.000756481
0.000388849
0
0.000143879
0
1.97454e-05
0
4.07809e-05
5.81306e-06
8.21393e-05
0
0
0.000420888
0.0102275
0
0
0
0.00012648
0
0.000201046
0.000229691
0
0.000945751
0
0
9.51718e-05
0
0.000154817
0.00296473
0
0.00173945
0.00209822
0
0
0
0
1.33738e-05
0
2.35099e-05
0.000492508
0.00406401
0
0
0.00299484
0
0.00203132
0
0
0
0.0015145
0.000214252
0
0
0.000110276
0
0
0.000334353
0
0
0
0.00138028
0
0
0.000243734
0.000346385
0.000592836
0
7.96869e-05
0
0.000923383
0.000170371
0.000575413
0.000951872
0
0.000451835
0.000809158
0
0
0
0
0.00130308
0.00133679
0
0
0.000331243
0
9.00273e-06
0
4.40274e-05
0
6.34013e-05
6.16145e-05
0
7.9912e-05
0.000196527
0
0
5.94649e-05
0.000217324
0
0
0.000591162
0
0
0
9.07951e-06
0.00016767
0
0
7.77251e-07
2.93367e-05
0
1.53853e-05
0
6.47391e-06
1.41778e-06
0
3.43834e-06
0
1.53192e-07
8.97049e-07
0
2.58482e-05
0
0.000243016
0.000157514
0
0.000210644
0
0
0.000129205
0
0
1.04421e-05
0
0
0.000123564
0
0
0.000847758
0
0
2.40746e-05
0.000228983
0.000555743
4.8305e-05
0
0.00328328
0
0.00450865
0
0.000431133
0
3.52531e-05
8.19792e-05
0.00016317
0
0
0
0.000746973
0.00237925
0
0.00368452
0.00497889
0
0
0.00063379
0
0
0
7.3835e-05
0
0.00829497
0
0
5.79586e-05
0
0.000140097
0
0
0.000440009
0.00113896
0
0.000875743
0
0
1.00246e-06
0.000508597
0
0.000398889
0.000818498
0
9.00213e-06
3.35588e-05
0
8.96645e-05
0
0.000349389
0.00142572
0.000817339
0
0
0.00137414
0
0
0
0.000205865
0.00122386
0
0
0.000707836
8.44832e-06
0
0
0
0
1.4072e-05
0
0.000553819
0
0.000284679
0
1.69283e-05
0
9.73489e-05
0.00123497
0
0
0.000475561
0
7.49256e-05
0.000310576
0.00201379
0
0
7.04423e-05
0.000225373
0.000364441
0
0
0
0.000202024
0.000844896
0
0.000387081
0
9.65457e-05
0
0
3.27014e-05
0.000430789
8.15554e-05
3.92305e-05
0
0
7.00987e-05
0
9.83574e-05
0
0.0010559
0.000276085
0
0
0.000255625
0.000148788
0
0
0
7.06439e-06
0
2.45687e-05
0
0
0
8.61129e-07
0
0
1.10531e-06
9.86741e-07
0
0
4.44528e-09
2.73607e-07
8.01739e-08
0
1.89195e-08
2.99322e-07
0
0
0
2.53327e-08
0
7.63963e-10
9.69854e-09
5.81492e-10
0
3.48469e-10
8.87351e-09
0
4.41184e-09
0
0
2.6953e-09
0
3.21127e-08
0
0
2.68313e-10
2.21914e-09
0
0
7.27547e-10
0
2.08985e-13
1.52947e-10
0
1.54877e-10
0
2.02832e-11
0
1.87687e-10
0
0
3.48229e-10
0
0
3.23223e-11
0
1.52688e-10
1.23716e-09
0
0
4.73959e-10
3.33398e-10
5.29e-10
7.73469e-10
0
0
